<?xml version="1.0"?>
<opencv_storage>
	<Extrinsic_Parameters type_id="opencv-matrix">
	  <rows>16</rows>
	  <cols>6</cols>
	  <dt>d</dt>
	  <data>
	  -0.79057805 -0.02024773  0.0085187
	  101.74672864   -3.87613485 -368.09209981
	  -0.73590803 -0.02024773 -0.29647355
	  236.00191412   -3.87613485 -301.9389244
	  -0.56643485 -0.02024773 -0.55552566
	  333.58436204   -3.87613485 -188.64116979
	  -0.3107271  -0.02024773 -0.73000402
	  380.38161479   -3.87613485  -46.6245071
	  -0.00771396 -0.02024773 -0.79334588
	  369.26921486   -3.87613485  102.49031413
	  0.29647355 -0.02024773 -0.73590803
	  301.9389244    -3.87613485  236.00191412
	  0.55552566 -0.02024773 -0.56643485
	  188.64116978   -3.87613485  333.58436205
	  0.73000402 -0.02024773 -0.3107271
	  46.62450707   -3.87613485  380.38161488
	  0.79334588 -0.02024773 -0.00771396
	  -102.49031469   -3.87613485  369.26921611
	  0.73590806 -0.02024773  0.29647356
	  -236.00192021   -3.87613485  301.93893743
	  0.56643509 -0.02024773  0.5555257
	  -333.58441399   -3.87613485  188.64127568
	  0.3107287  -0.02024773  0.73000433
	  -380.38197601   -3.87613485   46.62521073
	  0.00772305 -0.02024773  0.79334784
	  -369.27133786   -3.87613485 -102.48635632
	  -0.29642884 -0.02024773  0.73591849
	  -301.94975746   -3.87613485 -235.98256081
	  -0.55533049 -0.02024773  0.5664842
	  -188.69017076   -3.87613485 -333.50037153
	  -0.72923534 -0.02024773  0.31093602
	  -46.82425018   -3.87613485 -380.05276049
	  </data>
	</Extrinsic_Parameters>
</opencv_storage>
