<?xml version="1.0"?>
<opencv_storage>
	<Yaxis_theta type_id="opencv-matrix">
	  <rows>3</rows>
	  <cols>3</cols>
	  <dt>d</dt>
	  <data>
	  0.92387953	0.	-0.38268343
	  0.	1.	0.
	  0.38268343	0.	0.92387953
	  </data>
	</Yaxis_theta>
	<Extrinsic_Parameters type_id="opencv-matrix">
	  <rows>16</rows>
	  <cols>6</cols>
	  <dt>d</dt>
	  <data>
	  -0.83655327 -0.01043598 -0.00875238
	  -75.36593324 14.81331619 373.99724717
	  -0.77622383 -0.01043598  0.31204893
	  -73.49350706	-14.81331619 -374.36969588
	  -0.59772135 -0.01043598  0.58534362
	  211.16422714	14.81331619	317.74775208
	  -0.32822122 -0.01043598  0.76952505
	  -316.68710785	-14.81331619 -212.75159341
	  -0.00875238 -0.01043598  0.83655327
	  373.99724716	14.81331619 75.36593324
	  0.31204893 -0.01043598  0.77622383
	  -374.36969588 -14.81331619 73.49350707
	  0.58534362 -0.01043598  0.59772135
	  317.74775207 14.81331619 -211.16422715
	  0.76952505 -0.01043598  0.32822122
	  -212.7515934 -14.81331619 316.68710785
	  0.83655327 -0.01043598  0.00875238
	  75.36593323 14.81331619 -373.99724716
	  0.77622383 -0.01043598 -0.31204893
	  73.49350708 -14.81331619 374.36969588
	  0.59772135 -0.01043598 -0.58534362
	  -211.16422716 14.81331619 -317.74775207
	  0.32822122 -0.01043598 -0.76952505
	  316.68710786 -14.81331619 212.7515934
	  0.00875238, -0.01043598, -0.83655327
	  -373.99724717 14.81331619 -75.36593323
	  -0.31204893 -0.01043598 -0.77622383
	  374.36969589 -14.81331619 -73.49350708
	  -0.58534362 -0.01043598 -0.59772135
	  -317.74775208 14.81331619 211.16422716
	  -0.76952505 -0.01043598 -0.32822122
	  212.75159341 -14.81331619 -316.68710786
	  </data>
	</Extrinsic_Parameters>
</opencv_storage>
