<?xml version="1.0"?>
<opencv_storage>
	<Extrinsic_Parameters type_id="opencv-matrix">
	  <rows>4</rows>
	  <cols>6</cols>
	  <dt>d</dt>
	  <data>
	  -8.3331151847950269e-01 -3.2142804217395286e-02 -3.1674620483016563e-03
	  -9.9029183532551613e+01 3.3007460712353822e+00 3.6852891404351845e+02
	  -0.77109159 -0.0321428   0.31596816
	  -49.53887396   -3.30074607 -378.37314868
	  -0.59147996 -0.0321428   0.58700049
	  -190.56508697   -3.30074607 -330.61350139
	  -0.32182087 -0.0321428   0.76866732
	  -302.57949296   -3.30074607 -232.52094554
	  </data>
	</Extrinsic_Parameters>
</opencv_storage>
