<?xml version="1.0"?>
<opencv_storage>
<calibration_Time>"Fri Apr 21 12:18:27 2017"</calibration_Time>
<nrOfFrames>4</nrOfFrames>
<image_Width>640</image_Width>
<image_Height>480</image_Height>
<board_Width>9</board_Width>
<board_Height>6</board_Height>
<square_Size>25.</square_Size>
<FixAspectRatio>1.</FixAspectRatio>
<!-- flags:  +fix_aspectRatio +fix_principal_point +zero_tangent_dist -->
<flagValue>14</flagValue>
<Camera_Matrix type_id="opencv-matrix">
  <rows>3</rows>
  <cols>3</cols>
  <dt>d</dt>
  <data>
    6.0837681321108141e+02 0. 3.1950000000000000e+02 0.
    6.0837681321108141e+02 2.3950000000000000e+02 0. 0. 1.</data></Camera_Matrix>
<Distortion_Coefficients type_id="opencv-matrix">
  <rows>5</rows>
  <cols>1</cols>
  <dt>d</dt>
  <data>
    2.1109880110391133e-01 -1.2552765339383130e+00 0. 0.
    1.5934497747061673e+00</data></Distortion_Coefficients>
<Avg_Reprojection_Error>4.6039021316838963e-01</Avg_Reprojection_Error>
<Per_View_Reprojection_Errors type_id="opencv-matrix">
  <rows>4</rows>
  <cols>1</cols>
  <dt>f</dt>
  <data>
    4.13068265e-01 5.16627014e-01 4.75842297e-01 4.28814471e-01</data></Per_View_Reprojection_Errors>
<!-- a set of 6-tuples (rotation vector + translation vector) for each view -->
<Extrinsic_Parameters type_id="opencv-matrix">
  <rows>4</rows>
  <cols>6</cols>
  <dt>d</dt>
  <data>
    -8.3331151847950269e-01 -3.2142804217395286e-02
    -3.1674620483016563e-03 -9.9029183532551613e+01
    3.3007460712353822e+00 3.6852891404351845e+02
    -7.8873223957424377e-01 -2.3112063733851065e-01
    -4.3517047489013111e-01 -9.6447881825172090e+01
    6.0053797271991574e+00 3.6523459550060699e+02
    -7.1704708351148494e-01 -4.1053967811919662e-01
    -7.9727027265685424e-01 -9.4136334892585225e+01
    6.2106043706414349e+00 3.6507273232941208e+02
    -6.6762619284489844e-01 -5.8708450777740984e-01
    -1.2068380917434389e+00 -9.2126342899267925e+01
    5.5481619594788940e+00 3.6586762267661885e+02</data></Extrinsic_Parameters>
<Image_points type_id="opencv-matrix">
  <rows>4</rows>
  <cols>54</cols>
  <dt>"2f"</dt>
  <data>
    1.55025497e+02 2.44607712e+02 1.96663376e+02 2.44973602e+02
    2.38326401e+02 2.45563904e+02 2.79867645e+02 2.46221039e+02
    3.20752106e+02 2.46731689e+02 3.61720184e+02 2.47132202e+02
    4.02779327e+02 2.47600037e+02 4.43551025e+02 2.47810516e+02
    4.84875916e+02 2.48155655e+02 1.46843704e+02 2.74129517e+02
    1.90825104e+02 2.74804596e+02 2.34736298e+02 2.75179169e+02
    2.78385590e+02 2.75716553e+02 3.21553192e+02 2.75934631e+02
    3.64648651e+02 2.76480682e+02 4.07890839e+02 2.76967010e+02
    4.50806427e+02 2.77263855e+02 4.94306305e+02 2.77305481e+02
    1.37757935e+02 3.07370331e+02 1.84303467e+02 3.07778625e+02
    2.30632401e+02 3.08129486e+02 2.76681549e+02 3.08647156e+02
    3.22340332e+02 3.09080200e+02 3.67896210e+02 3.09461395e+02
    4.13551300e+02 3.09715393e+02 4.59140594e+02 3.09903229e+02
    5.04636871e+02 3.09767578e+02 1.27792778e+02 3.44367889e+02
    1.76813965e+02 3.45083466e+02 2.26018799e+02 3.45338959e+02
    2.74887360e+02 3.45639191e+02 3.23330658e+02 3.45895203e+02
    3.71596466e+02 3.46198639e+02 4.20090271e+02 3.46515808e+02
    4.68323273e+02 3.46501190e+02 5.16376404e+02 3.46260559e+02
    1.16952095e+02 3.85874207e+02 1.68718033e+02 3.86725128e+02
    2.20658035e+02 3.87253265e+02 2.72940491e+02 3.87342682e+02
    3.24185364e+02 3.87487000e+02 3.75708954e+02 3.87522552e+02
    4.27471069e+02 3.87468475e+02 4.78296295e+02 3.87317383e+02
    5.28645996e+02 3.86678101e+02 1.05401794e+02 4.32370117e+02
    1.59866470e+02 4.33834015e+02 2.15085999e+02 4.34236267e+02
    2.70433075e+02 4.34221161e+02 3.25510956e+02 4.34150330e+02
    3.80520172e+02 4.33996582e+02 4.35426361e+02 4.33971619e+02
    4.89131897e+02 4.33381073e+02 5.42319824e+02 4.32021545e+02
    1.58125504e+02 2.48822510e+02 1.98104980e+02 2.36970566e+02
    2.36438278e+02 2.25803024e+02 2.72911407e+02 2.15005783e+02
    3.07558014e+02 2.04746765e+02 3.40668518e+02 1.94708969e+02
    3.72644226e+02 1.85153946e+02 4.03155731e+02 1.75688950e+02
    4.32836304e+02 1.66547012e+02 1.70914978e+02 2.76462982e+02
    2.12354294e+02 2.63544708e+02 2.51902374e+02 2.51077652e+02
    2.89604401e+02 2.39423279e+02 3.25206207e+02 2.27989655e+02
    3.59353210e+02 2.16926910e+02 3.92178558e+02 2.06484512e+02
    4.23478271e+02 1.96274490e+02 4.53908386e+02 1.86020416e+02
    1.84804810e+02 3.06915619e+02 2.27974640e+02 2.92546112e+02
    2.68800873e+02 2.78754913e+02 3.07706207e+02 2.65738922e+02
    3.44472748e+02 2.53344620e+02 3.79618591e+02 2.41402649e+02
    4.13355835e+02 2.29708618e+02 4.45676575e+02 2.18396164e+02
    4.76989594e+02 2.07346130e+02 2.00242203e+02 3.40512177e+02
    2.44894272e+02 3.24667206e+02 2.87246552e+02 3.09244446e+02
    3.27562378e+02 2.94802948e+02 3.65474640e+02 2.80938416e+02
    4.01808472e+02 2.67640350e+02 4.36703308e+02 2.54824814e+02
    4.69819031e+02 2.42378937e+02 5.01932007e+02 2.30325211e+02
    2.17152573e+02 3.77720520e+02 2.63543732e+02 3.59859283e+02
    3.07536041e+02 3.42804016e+02 3.49207336e+02 3.26454193e+02
    3.88536438e+02 3.11138611e+02 4.26078857e+02 2.96298615e+02
    4.62037476e+02 2.82069000e+02 4.96134216e+02 2.68511475e+02
    5.28670349e+02 2.55436218e+02 2.36060089e+02 4.19593140e+02
    2.84351807e+02 3.99334320e+02 3.30181671e+02 3.79813416e+02
    3.73510773e+02 3.61362793e+02 4.14232086e+02 3.43987488e+02
    4.53073730e+02 3.27553375e+02 4.90072174e+02 3.12182159e+02
    5.24563538e+02 2.97393127e+02 5.57594238e+02 2.82916870e+02
    1.62055954e+02 2.49153336e+02 1.93579697e+02 2.28890991e+02
    2.23300568e+02 2.10158630e+02 2.50536667e+02 1.92718338e+02
    2.76003326e+02 1.76433746e+02 2.99566467e+02 1.61074829e+02
    3.21991211e+02 1.46572922e+02 3.42623108e+02 1.32933838e+02
    3.62317230e+02 1.19905190e+02 1.90221268e+02 2.70350861e+02
    2.21834396e+02 2.48679398e+02 2.50940231e+02 2.28630920e+02
    2.78119995e+02 2.10191376e+02 3.03043640e+02 1.92752563e+02
    3.26540131e+02 1.76385895e+02 3.48288818e+02 1.61128098e+02
    3.68816498e+02 1.46622986e+02 3.88257050e+02 1.32689011e+02
    2.20397217e+02 2.92806458e+02 2.51464294e+02 2.69839996e+02
    2.80280823e+02 2.48287109e+02 3.06918488e+02 2.28531906e+02
    3.31564392e+02 2.09987717e+02 3.54560730e+02 1.92767685e+02
    3.76266235e+02 1.76402435e+02 3.96306671e+02 1.60847382e+02
    4.15421295e+02 1.46165405e+02 2.52227982e+02 3.17034271e+02
    2.83101898e+02 2.92300751e+02 3.11316376e+02 2.69310211e+02
    3.37667694e+02 2.48025513e+02 3.61756042e+02 2.28298111e+02
    3.84416504e+02 2.09683426e+02 4.05681793e+02 1.92293030e+02
    4.25441132e+02 1.75699524e+02 4.44172974e+02 1.60189148e+02
    2.86178467e+02 3.42784149e+02 3.16338013e+02 3.16228577e+02
    3.44160309e+02 2.91398254e+02 3.69957336e+02 2.68530457e+02
    3.93763733e+02 2.47373734e+02 4.15857574e+02 2.27470703e+02
    4.36664825e+02 2.08778900e+02 4.55932800e+02 1.91478027e+02
    4.73987183e+02 1.74971024e+02 3.22499054e+02 3.70867920e+02
    3.52198395e+02 3.41867462e+02 3.79409943e+02 3.15060242e+02
    4.04718872e+02 2.90164032e+02 4.27799866e+02 2.67370148e+02
    4.49546173e+02 2.46060135e+02 4.69659515e+02 2.26481659e+02
    4.88247833e+02 2.08245728e+02 5.05889618e+02 1.90801300e+02
    1.65503677e+02 2.47842194e+02 1.82734207e+02 2.22373459e+02
    1.98753632e+02 1.98975571e+02 2.13387955e+02 1.77625610e+02
    2.26530243e+02 1.58007599e+02 2.38758194e+02 1.39689972e+02
    2.50137833e+02 1.22705338e+02 2.60449554e+02 1.07084732e+02
    2.70205994e+02 9.22640762e+01 2.04649475e+02 2.57099182e+02
    2.20358337e+02 2.30925262e+02 2.34604141e+02 2.06940140e+02
    2.47829483e+02 1.85144073e+02 2.59708588e+02 1.64829422e+02
    2.70695374e+02 1.46125473e+02 2.80786682e+02 1.28857681e+02
    2.90216644e+02 1.12784691e+02 2.99009399e+02 9.74053497e+01
