<?xml version="1.0"?>
<opencv_storage>
<calibration_Time>"Fri Apr 21 10:45:05 2017"</calibration_Time>
<nrOfFrames>30</nrOfFrames>
<image_Width>640</image_Width>
<image_Height>480</image_Height>
<board_Width>9</board_Width>
<board_Height>6</board_Height>
<square_Size>25.</square_Size>
<FixAspectRatio>1.</FixAspectRatio>
<!-- flags:  +fix_aspectRatio +fix_principal_point +zero_tangent_dist -->
<flagValue>14</flagValue>
<Camera_Matrix type_id="opencv-matrix">
  <rows>3</rows>
  <cols>3</cols>
  <dt>d</dt>
  <data>
    6.0883141112303326e+02 0. 3.1950000000000000e+02 0.
    6.0883141112303326e+02 2.3950000000000000e+02 0. 0. 1.</data></Camera_Matrix>
<Distortion_Coefficients type_id="opencv-matrix">
  <rows>5</rows>
  <cols>1</cols>
  <dt>d</dt>
  <data>
    1.6451007100176193e-01 -9.6736953282565019e-01 0. 0.
    1.1813011689564201e+00</data></Distortion_Coefficients>
<Avg_Reprojection_Error>3.3159210096890690e-01</Avg_Reprojection_Error>
<Per_View_Reprojection_Errors type_id="opencv-matrix">
  <rows>30</rows>
  <cols>1</cols>
  <dt>f</dt>
  <data>
    3.16358835e-01 3.16440135e-01 3.14740896e-01 2.24114507e-01
    1.69590876e-01 1.94724768e-01 2.02539638e-01 2.56689429e-01
    2.70733416e-01 1.23547427e-01 5.95138550e-01 1.07901916e-01
    1.05171561e-01 1.04907997e-01 9.40389410e-02 1.17247917e-01
    1.25927433e-01 2.18614280e-01 2.21322313e-01 1.98262498e-01
    2.17618927e-01 1.18571794e+00 3.99644256e-01 3.04724514e-01
    3.10249746e-01 2.95760423e-01 3.44810188e-01 2.89803684e-01
    1.34573728e-01 1.18041091e-01</data></Per_View_Reprojection_Errors>
<!-- a set of 6-tuples (rotation vector + translation vector) for each view -->
<Extrinsic_Parameters type_id="opencv-matrix">
  <rows>30</rows>
  <cols>6</cols>
  <dt>d</dt>
  <data>
    -7.9334588075188262e-01 -2.0247727636742888e-02
    7.7139635830836897e-03 -1.0249031413081129e+02
    3.8761348456470546e+00 3.6926921486321095e+02
    -7.9390525898238040e-01 -2.0074094756781142e-02
    7.7999430166193224e-03 -1.0251067455164502e+02
    3.8611911109371211e+00 3.6932012186335413e+02
    -7.9577988373180564e-01 -2.2950513162601743e-02
    1.0027596698542595e-02 -1.0280701804965578e+02
    3.5223469268644032e+00 3.6948494988628318e+02
    -4.6629437819859965e-01 4.3396980372764219e-03
    1.0718609459320332e-01 -3.4611543397437629e+01
    -1.0083781563695065e+02 3.8398608095763700e+02
    -4.6199823394256212e-01 1.5024037980882095e-02
    1.2867278125091286e-01 -6.7890024609470260e+01
    -1.1831883202570114e+02 3.8922843408380493e+02
    -4.5805419899202399e-01 1.8848636658225153e-02
    1.4450264848536415e-01 -7.7189804058213682e+01
    -1.2635582430344651e+02 3.9256026173898084e+02
    -4.4279164140304372e-01 2.5355496868968642e-02
    1.7070475734787494e-01 -9.2515854351579165e+01
    -1.3803602131000994e+02 3.9636793599125247e+02
    -4.3607545740647258e-01 4.2984698429780699e-02
    1.8548674842032098e-01 -1.1179826270715333e+02
    -1.4641616170548789e+02 4.0279493673982512e+02
    -4.3871766683165514e-01 6.5404777649428814e-02
    1.9759560501069812e-01 -1.3170308757112323e+02
    -1.5660225474115401e+02 4.1040829579177876e+02
    -2.2433528927035101e-01 3.0473910975118090e-01
    6.8515753837026919e-02 -2.3066428296669838e+02
    -2.1677229132126035e+02 7.2887722729237055e+02
    -2.2689068361047926e-01 1.6314853827197559e-01
    -9.4044712695197730e-01 5.7126448248048419e+01
    -4.9230585884034696e+01 7.0968545377157068e+02
    -1.5739174140560641e-01 3.3048473915154136e-01
    -5.9561617814529377e-01 -2.8583188044861796e+01
    -1.3030464189174714e+02 7.6802839431680616e+02
    -2.1281258873092024e-01 3.2495439690666772e-01
    -3.6741048401023252e-01 -1.5800943887700126e+02
    -1.7647805718383384e+02 7.4322578361462490e+02
    -1.9888913657056040e-01 3.4398621167422488e-01
    -3.7016380196949011e-01 -1.6164852907335029e+02
    -1.7198997150046975e+02 7.5300411582773756e+02
    -1.8784605472684263e-01 3.7659058934090339e-01
    -3.5221655889753078e-01 -1.7081547326254355e+02
    -1.7384363177071373e+02 7.7063359814585988e+02
    -1.8127192464254310e-01 3.7735626023973518e-01
    -8.2005268947753229e-02 -2.5030367409684237e+02
    -1.9928471008701453e+02 8.0119928964606595e+02
    -1.9568780927994026e-01 3.7578636467154830e-01
    -9.3022531376645456e-02 -2.4845189347425014e+02
    -1.8874848834654657e+02 7.9830583016265211e+02
    -4.8978525551338142e-01 -4.2902133708822232e-01
    -1.4646947087116666e+00 -1.3478068915088483e+02
    1.8346754740676040e+01 3.2446701153608944e+02
    -4.8143936119764108e-01 -4.1943206322980486e-01
    -1.4645751801929618e+00 -1.3040441010263527e+02
    2.1052941097149169e+01 3.2517110219757683e+02
    -4.8335157454282757e-01 -4.2313163989665475e-01
    -1.4577302954714795e+00 -1.2781559847613386e+02
    2.6610567559113726e+01 3.2091020481100031e+02
    -4.9183616931086233e-01 -3.8739241052366563e-01
    -1.4557740215222397e+00 -1.3075244917369756e+02
    3.7575743553667088e+01 3.2929290935536568e+02
    -4.6386578726233857e-01 -4.5424302071671963e-01
    -1.5042974539779568e+00 -9.2364453966380054e+01
    4.2446505135789096e+01 3.1269993969946125e+02
    -4.5194073682828245e-01 -4.7746827375678441e-01
    -1.5477391997516856e+00 -5.1428632925775354e+01
    5.5184019403506802e+01 3.0151119116734441e+02
    -4.2896842268697255e-01 -4.6382131967159135e-01
    -1.5449660951672428e+00 -2.0631673507095005e+01
    6.5033833893943125e+01 3.0030606191170995e+02
    -4.3884956671837599e-01 -4.5916344236474821e-01
    -1.5412960760367345e+00 -6.6410150016505405e+00
    6.6373099997637681e+01 3.0071093054622844e+02
    -4.3771795781397421e-01 -4.5208439657982896e-01
    -1.5480193296781544e+00 1.1279970605125740e+01
    6.9784999737102751e+01 3.0188657062415911e+02
    -4.4087512571454235e-01 -4.6264316060640209e-01
    -1.5427223126888692e+00 3.0673802482748631e+01
    6.9213191190986990e+01 2.9893032923649008e+02
    -1.7485743093252348e-01 2.3237016925968779e-01
    -6.2732790299654517e-01 -1.7692024377557050e+01
    -8.6696032230557790e+01 6.8345859889539258e+02
    -2.0403033036283744e-01 2.3718990423511754e-01
    -6.1662098162987422e-01 -2.6658376624320866e+01
    -8.3550729744865961e+01 6.8027509428033738e+02
    -5.0569417681366004e-02 3.8064322874380990e-01
    -3.9013876265275454e-01 -1.6875747091933624e+02
    -1.6137780919072387e+02 7.2869503215516238e+02</data></Extrinsic_Parameters>
